binary_1: 0.3592, 0.7363247538101204, 0.7317187707821236
binary_10: 0.2939, 0.73476190405575, 0.7323323157776261
binary_11: 0.3188, 0.7162281399693939, 0.7018022236191424
binary_2: 0.3321, 0.7365928146262751, 0.7322079638280562
binary_3: 0.31620000000000004, 0.7615756206429543, 0.7398790896134628
binary_4: 0.3668, 0.7356618193598545, 0.7308595976799761
binary_5: 0.30760000000000004, 0.7120526557443435, 0.7118750612955719
binary_6: 0.2804, 0.7641249977397365, 0.7304433744711616
binary_7: 0.3116, 0.7314840688581317, 0.725116793404729
binary_8: 0.311, 0.7832409260285286, 0.7560488346281908
binary_heatmap_1: 0.3533, 0.7711368388442346, 0.7604088505365264
binary_heatmap_11: 0.3944, 0.7207692883767819, 0.7318190038922097
binary_heatmap_12: 0.3414, 0.7960054841842394, 0.8004070821388168
binary_heatmap_2: 0.3043, 0.7643920238642957, 0.7515323208020466
binary_heatmap_3: 0.345, 0.7762650997933347, 0.7650872311898951
binary_heatmap_4: 0.3636, 0.7444303787137508, 0.7593305777794088
binary_heatmap_5: 0.3668, 0.7887241826452872, 0.7862366556317014
binary_heatmap_6: 0.355, 0.7748503753917864, 0.7681856344967042
binary_heatmap_7: 0.3404, 0.7694326372015666, 0.7613378491075775
binary_heatmap_8: 0.3533, 0.7234473739235442, 0.7321594677972045
binary_heatmap_speed_1: 0.3154, 0.7889326942244687, 0.7834002642684507
binary_heatmap_speed_11: 0.3284, 0.7869817758545922, 0.7808742194171996
binary_heatmap_speed_2: 0.3917, 0.7383923597703901, 0.7547346124007356
binary_heatmap_speed_3: 0.3309, 0.7729024599092995, 0.7630187492874565
binary_heatmap_speed_4: 0.311, 0.7858315807923933, 0.7834910573180501
binary_heatmap_speed_5: 0.337, 0.7716647896381468, 0.7594836123572772
binary_heatmap_speed_6: 0.32, 0.738037010983419, 0.7572958366993692
binary_heatmap_speed_7: 0.3357, 0.7620996321017712, 0.7537146467371864
binary_heatmap_speed_8: 0.36979999999999996, 0.7593413573952976, 0.7418135191488515
binary_heatmap_speed_9: 0.38770000000000004, 0.7128954923992342, 0.722323905749006
binary_speed_1: 0.37060000000000004, 0.7155611766716891, 0.711487086256636
binary_speed_10: 0.3389, 0.747516254917785, 0.722328087831857
binary_speed_2: 0.30260000000000004, 0.7547811054160996, 0.7325065046622329
binary_speed_3: 0.29109999999999997, 0.757442250356899, 0.7275016378868602
binary_speed_4: 0.3392, 0.7121238862055708, 0.7160667948759926
binary_speed_5: 0.3772, 0.7078216168999887, 0.7056258094004721
binary_speed_6: 0.34869999999999995, 0.728382036498892, 0.731130102576282
binary_speed_7: 0.3273, 0.7583522838386072, 0.7321775029456842
binary_speed_8: 0.3054, 0.7263335666274737, 0.7283618510995069
binary_speed_9: 0.301, 0.7574556790448475, 0.7291801176386196
heatmap_1: 0.3605, 0.7766765990401217, 0.7663860448646285
heatmap_10: 0.3823, 0.7945675907976385, 0.7860556217506253
heatmap_2: 0.386, 0.8005212288537004, 0.7970483622917298
heatmap_3: 0.40409999999999996, 0.7984140714335222, 0.7989444573346123
heatmap_4: 0.3309, 0.794146528444332, 0.7942965108243046
heatmap_5: 0.3358, 0.730309207756494, 0.742621583822176
heatmap_6: 0.34659999999999996, 0.7778937731180083, 0.7670975021842827
heatmap_7: 0.386, 0.7983282267387714, 0.7999419467691612
heatmap_8: 0.3833, 0.7989036984948031, 0.7929194007682281
heatmap_9: 0.3309, 0.7763862334994344, 0.7679048766677362
heatmap_speed_1: 0.293, 0.7651416613721875, 0.7570596414033145
heatmap_speed_11: 0.37799999999999995, 0.7905019974093596, 0.7942685028519807
heatmap_speed_12: 0.3986, 0.7885774411786287, 0.7962955147884887
heatmap_speed_2: 0.363, 0.7634625344648606, 0.7594708566333015
heatmap_speed_3: 0.3521, 0.7908898497059973, 0.7900323814321254
heatmap_speed_4: 0.3321, 0.7396248615207286, 0.7644455060720879
heatmap_speed_5: 0.3358, 0.770006925261082, 0.7588504060910786
heatmap_speed_6: 0.34259999999999996, 0.7174875419767317, 0.7267726325960474
heatmap_speed_7: 0.3508, 0.7725600617842848, 0.7615669858784153
heatmap_speed_8: 0.3518, 0.7911173944735702, 0.7873058116379497
heatmap_speed_acceleration_bearing_difference_bearing1_bearing2_bearing3_bearing4_bearing5_bearing6_bearing7_bearing8_11: 0.3636, 0.7541032470842939, 0.7449789726054319
heatmap_speed_acceleration_bearing_difference_bearing1_bearing2_bearing3_bearing4_bearing5_bearing6_bearing7_bearing8_12: 0.3105, 0.7342086675419806, 0.7198182923432286
heatmap_speed_acceleration_bearing_difference_bearing1_bearing2_bearing3_bearing4_bearing5_bearing6_bearing7_bearing8_13: 0.3404, 0.7668270661322549, 0.7551093318287384
heatmap_speed_acceleration_bearing_difference_bearing1_bearing2_bearing3_bearing4_bearing5_bearing6_bearing7_bearing8_2: 0.2963, 0.7092709101789237, 0.7128993441916432
heatmap_speed_acceleration_bearing_difference_bearing1_bearing2_bearing3_bearing4_bearing5_bearing6_bearing7_bearing8_3: 0.3605, 0.7092328951367309, 0.7155487937627585
heatmap_speed_acceleration_bearing_difference_bearing1_bearing2_bearing3_bearing4_bearing5_bearing6_bearing7_bearing8_4: 0.3032, 0.769255360209064, 0.7533321773428653
heatmap_speed_acceleration_bearing_difference_bearing1_bearing2_bearing3_bearing4_bearing5_bearing6_bearing7_bearing8_5: 0.30829999999999996, 0.767224656358252, 0.7694218048341712
heatmap_speed_acceleration_bearing_difference_bearing1_bearing2_bearing3_bearing4_bearing5_bearing6_bearing7_bearing8_6: 0.3043, 0.7687309124431204, 0.7504786880480954
heatmap_speed_acceleration_bearing_difference_bearing1_bearing2_bearing3_bearing4_bearing5_bearing6_bearing7_bearing8_7: 0.35, 0.735701272311556, 0.7473643164279441
heatmap_speed_acceleration_bearing_difference_bearing1_bearing2_bearing3_bearing4_bearing5_bearing6_bearing7_bearing8_8: 0.2783, 0.7664779951678451, 0.7560161746539837
heatmap_speed_bearing1_bearing2_bearing3_bearing4_bearing5_bearing6_bearing7_bearing8_1: 0.3592, 0.7353020261238897, 0.7559218220333958
heatmap_speed_bearing1_bearing2_bearing3_bearing4_bearing5_bearing6_bearing7_bearing8_11: 0.3542, 0.7463868356666009, 0.7204551584060164
heatmap_speed_bearing1_bearing2_bearing3_bearing4_bearing5_bearing6_bearing7_bearing8_12: 0.3032, 0.7434913448772396, 0.7212818666428322
heatmap_speed_bearing1_bearing2_bearing3_bearing4_bearing5_bearing6_bearing7_bearing8_13: 0.3688, 0.7288175993817775, 0.7086768646198484
heatmap_speed_bearing1_bearing2_bearing3_bearing4_bearing5_bearing6_bearing7_bearing8_2: 0.3003, 0.7672001753817514, 0.7611077223688115
heatmap_speed_bearing1_bearing2_bearing3_bearing4_bearing5_bearing6_bearing7_bearing8_3: 0.3139, 0.7077173631566838, 0.7123791053025126
heatmap_speed_bearing1_bearing2_bearing3_bearing4_bearing5_bearing6_bearing7_bearing8_4: 0.2677, 0.707410014564573, 0.7105482547211222
heatmap_speed_bearing1_bearing2_bearing3_bearing4_bearing5_bearing6_bearing7_bearing8_6: 0.37060000000000004, 0.7653579897787655, 0.758542225105943
heatmap_speed_bearing1_bearing2_bearing3_bearing4_bearing5_bearing6_bearing7_bearing8_7: 0.3763, 0.7672332420034603, 0.7630686211415997
heatmap_speed_bearing1_bearing2_bearing3_bearing4_bearing5_bearing6_bearing7_bearing8_9: 0.3321, 0.7581060129982468, 0.747501178284708
speed_10: 0.3724, 0.7558553551561741, 0.7424911612699681
speed_11: 0.3618, 0.7428408158752764, 0.726809247487051
speed_12: 0.3688, 0.7652786397990667, 0.7683437594819518
speed_2: 0.3514, 0.7684408922580828, 0.7678152849966554
speed_3: 0.3169, 0.7652751591862642, 0.7551232067669627
speed_4: 0.34, 0.7688894177739435, 0.7617826952775747
speed_5: 0.3554, 0.7502611272889869, 0.7383257472620929
speed_6: 0.3797, 0.7418114732746482, 0.7283720100411446
speed_7: 0.3579, 0.7644212746451944, 0.7559096776697568
speed_8: 0.34380000000000005, 0.7457975941508329, 0.7307256110517844
